Date,Open,High,Low,Close,Volume
2020-01-01,0.98,0.98,0.91,0.93,2013500.0
2020-01-02,0.97,0.97,0.93,0.95,1395500.0
2020-01-03,0.95,0.95,0.92,0.93,680000.0
2020-01-06,0.92,0.94,0.87,0.89,2134500.0
2020-01-07,0.92,0.93,0.87,0.89,1195500.0
2020-01-08,0.93,0.93,0.88,0.89,264500.0
2020-01-09,0.97,0.97,0.88,0.9,3081000.0
2020-01-10,0.92,0.94,0.88,0.9,1503000.0
2020-01-13,0.95,1.08,0.95,1.01,24787000.0
2020-01-14,1.02,1.03,0.98,0.99,2886000.0
2020-01-15,1.03,1.03,0.95,0.97,759000.0
2020-01-16,0.98,0.98,0.94,0.95,701500.0
2020-01-17,1.01,1.02,0.95,0.96,605000.0
2020-01-20,0.96,0.98,0.9,0.95,936500.0
2020-01-21,0.97,0.97,0.91,0.92,2390000.0
2020-01-22,0.94,0.94,0.88,0.91,1238000.0
2020-01-23,0.93,0.94,0.9,0.91,565000.0
2020-01-24,0.9,0.95,0.9,0.92,1036000.0
2020-01-27,0.88,0.97,0.88,0.96,1222500.0
2020-01-28,0.96,0.99,0.92,0.95,1081500.0
2020-01-29,0.95,0.95,0.9,0.9,817000.0
2020-01-30,0.93,0.94,0.89,0.94,424000.0
2020-01-31,0.92,0.94,0.89,0.9,781500.0
2020-02-03,0.89,0.92,0.86,0.88,822000.0
2020-02-04,0.9,0.9,0.87,0.89,526000.0
2020-02-06,0.94,0.94,0.87,0.9,1052500.0
2020-02-07,0.87,0.92,0.85,0.86,323500.0
2020-02-10,0.87,0.89,0.83,0.85,679500.0
2020-02-11,0.88,0.88,0.83,0.85,289000.0
2020-02-12,0.84,0.88,0.83,0.86,483000.0
2020-02-13,0.86,0.9,0.85,0.86,824000.0
2020-02-14,0.86,0.87,0.83,0.84,66500.0
2020-02-17,0.86,0.88,0.84,0.86,135000.0
2020-02-18,0.87,0.89,0.8,0.85,442500.0
2020-02-19,0.83,0.89,0.83,0.88,289000.0
2020-02-20,0.88,0.88,0.82,0.87,285000.0
2020-02-21,0.85,0.87,0.83,0.84,218000.0
2020-02-24,0.87,0.87,0.76,0.79,1537000.0
2020-02-25,0.83,0.83,0.8,0.81,204000.0
2020-02-26,0.81,0.83,0.79,0.8,342000.0
2020-02-27,0.78,0.79,0.76,0.79,343500.0
2020-02-28,0.8,0.82,0.78,0.79,571500.0
2020-03-02,0.84,0.85,0.8,0.82,508500.0
2020-03-03,0.84,0.84,0.8,0.82,128000.0
2020-03-04,0.82,0.83,0.75,0.78,1453500.0
2020-03-05,0.82,0.82,0.78,0.8,469000.0
2020-03-06,0.78,0.8,0.77,0.78,303500.0
2020-03-09,0.78,0.78,0.73,0.78,529500.0
2020-03-10,0.78,0.8,0.73,0.75,1024500.0
2020-03-11,0.75,0.8,0.75,0.77,403500.0
2020-03-12,0.77,0.78,0.73,0.74,209500.0
2020-03-13,0.71,0.8,0.7,0.78,594500.0
2020-03-16,0.77,0.77,0.72,0.72,587000.0
2020-03-17,0.74,0.75,0.72,0.72,312500.0
2020-03-18,0.71,0.75,0.63,0.7,1269500.0
2020-03-19,0.65,0.7,0.59,0.68,4699000.0
2020-03-20,0.7,0.7,0.64,0.64,885500.0
2020-03-24,0.61,0.79,0.59,0.65,974500.0
2020-03-25,0.68,0.68,0.6,0.65,243000.0
2020-03-26,0.7,0.7,0.64,0.66,789500.0
2020-03-27,0.65,0.66,0.62,0.65,179500.0
2020-03-30,0.67,0.69,0.61,0.63,279000.0
2020-03-31,0.65,0.66,0.62,0.64,1173500.0
2020-04-01,0.65,0.68,0.63,0.66,156500.0
2020-04-02,0.65,0.69,0.65,0.69,151500.0
2020-04-03,0.7,0.7,0.68,0.7,62500.0
2020-04-06,0.71,0.73,0.65,0.7,850000.0
2020-04-07,0.7,0.7,0.65,0.7,130500.0
2020-04-08,0.66,0.71,0.65,0.7,292000.0
2020-04-09,0.7,0.72,0.68,0.7,174000.0
2020-04-10,0.7,0.7,0.66,0.7,30000.0
2020-04-13,0.7,0.71,0.67,0.68,721000.0
2020-04-14,0.72,0.72,0.62,0.69,9500.0
2020-04-15,0.71,0.71,0.66,0.68,419500.0
2020-04-16,0.7,0.73,0.68,0.68,149500.0
2020-04-17,0.71,0.77,0.69,0.7,821500.0
2020-04-20,0.72,0.72,0.66,0.7,326500.0
2020-04-21,0.7,0.7,0.65,0.69,296000.0
2020-04-22,0.69,0.7,0.65,0.69,688500.0
2020-04-23,0.7,0.73,0.68,0.69,316500.0
2020-04-24,0.7,0.7,0.68,0.69,165500.0
2020-04-27,0.69,0.7,0.67,0.68,538000.0
2020-04-28,0.68,0.71,0.68,0.7,201500.0
2020-04-29,0.7,0.7,0.67,0.7,329500.0
2020-04-30,0.7,0.7,0.67,0.69,636000.0
2020-05-04,0.68,0.69,0.67,0.69,381000.0
2020-05-05,0.68,0.69,0.66,0.68,541500.0
2020-05-06,0.7,0.7,0.67,0.69,488500.0
2020-05-07,0.69,0.7,0.67,0.69,85500.0
2020-05-08,0.66,0.72,0.66,0.7,111000.0
2020-05-11,0.7,0.74,0.66,0.7,771000.0
2020-05-12,0.7,0.72,0.67,0.7,473500.0
2020-05-13,0.7,0.73,0.68,0.72,291500.0
2020-05-14,0.74,0.74,0.71,0.72,350500.0
2020-05-15,0.71,0.78,0.71,0.76,2354000.0
2020-05-18,0.78,0.81,0.72,0.8,1948000.0
2020-05-19,0.82,0.84,0.78,0.83,744500.0
2020-05-20,0.83,0.83,0.75,0.8,270500.0
2020-05-21,0.8,0.83,0.78,0.81,261000.0
2020-05-28,0.82,0.82,0.8,0.81,37500.0
2020-05-29,0.81,0.81,0.78,0.78,319000.0
2020-06-01,0.8,0.8,0.77,0.78,79500.0
2020-06-02,0.79,0.86,0.79,0.81,1483500.0
2020-06-03,0.82,0.84,0.79,0.84,352000.0
2020-06-04,0.8,0.82,0.78,0.79,78000.0
2020-06-05,0.8,0.83,0.79,0.82,49000.0
2020-06-08,0.83,0.84,0.82,0.83,330000.0
2020-06-09,0.82,0.86,0.82,0.83,1035000.0
2020-06-10,0.85,0.89,0.85,0.87,513000.0
2020-06-11,0.87,0.92,0.86,0.9,669500.0
2020-06-12,0.86,0.9,0.86,0.88,142500.0
2020-06-15,0.9,0.9,0.85,0.85,760500.0
2020-06-16,0.84,0.89,0.84,0.86,491500.0
2020-06-17,0.87,0.91,0.85,0.87,580500.0
2020-06-18,0.91,0.91,0.86,0.87,170500.0
2020-06-19,0.86,0.89,0.85,0.86,102000.0
2020-06-22,0.87,0.95,0.86,0.88,599000.0
2020-06-23,0.92,0.92,0.86,0.9,216500.0
2020-06-24,0.9,0.96,0.9,0.93,1791000.0
2020-06-25,0.95,0.95,0.89,0.9,425000.0
2020-06-26,0.9,0.92,0.88,0.9,544000.0
2020-06-29,0.91,0.94,0.89,0.92,511000.0
2020-06-30,0.9,0.93,0.8,0.84,1273000.0
2020-07-01,0.87,0.87,0.78,0.79,1991500.0
2020-07-02,0.84,0.84,0.75,0.79,1589000.0
2020-07-03,0.79,0.79,0.78,0.78,55000.0
2020-07-06,0.8,0.8,0.77,0.78,418000.0
2020-07-07,0.8,0.8,0.75,0.77,925000.0
2020-07-08,0.78,0.78,0.75,0.78,507000.0
2020-07-09,0.79,0.81,0.76,0.79,368500.0
2020-07-10,0.76,0.79,0.75,0.78,343500.0
2020-07-13,0.78,0.8,0.77,0.79,225500.0
2020-07-14,0.77,0.79,0.76,0.79,368500.0
2020-07-15,0.79,0.79,0.77,0.79,436500.0
2020-07-16,0.79,0.8,0.77,0.79,253500.0
2020-07-17,0.79,0.79,0.75,0.76,1446000.0
2020-07-20,0.78,0.8,0.76,0.79,990500.0
2020-07-21,0.79,0.8,0.76,0.77,260500.0
2020-07-22,0.77,0.79,0.75,0.77,251500.0
2020-07-23,0.78,0.79,0.77,0.78,550000.0
2020-07-24,0.79,0.82,0.76,0.77,981500.0
2020-07-27,0.8,0.8,0.77,0.79,401500.0
2020-07-28,0.8,0.82,0.78,0.8,508500.0
2020-07-29,0.85,0.85,0.79,0.81,708500.0
2020-07-30,0.81,0.82,0.76,0.81,159500.0
2020-08-03,0.84,0.84,0.8,0.82,561000.0
2020-08-04,0.84,0.84,0.78,0.8,649000.0
2020-08-05,0.78,0.83,0.75,0.82,1770000.0
2020-08-06,0.81,0.97,0.79,0.91,7189500.0
2020-08-07,0.92,0.94,0.87,0.91,2387000.0
2020-08-10,0.91,0.94,0.89,0.89,588000.0
2020-08-11,0.89,0.92,0.85,0.9,563000.0
2020-08-12,0.92,0.92,0.85,0.85,683500.0
2020-08-13,0.85,0.88,0.82,0.87,398000.0
2020-08-17,0.89,0.89,0.84,0.86,456000.0
2020-08-18,0.89,0.91,0.83,0.85,2249000.0
2020-08-19,0.83,0.85,0.8,0.81,716000.0
2020-08-20,0.85,0.91,0.81,0.9,1196000.0
2020-08-21,0.85,0.9,0.82,0.82,352500.0
2020-08-24,0.83,0.87,0.82,0.83,269500.0
2020-08-25,0.87,0.87,0.81,0.84,1236000.0
2020-08-26,0.88,0.88,0.8,0.82,1009500.0
2020-08-27,0.87,0.88,0.83,0.87,1695000.0
2020-08-28,0.89,0.99,0.87,0.93,7938500.0
2020-08-31,0.95,1.09,0.95,1.02,10937500.0
2020-09-01,1.0,1.02,0.95,0.99,2964500.0
2020-09-02,0.99,1.03,0.96,1.0,3407500.0
2020-09-03,1.01,1.06,0.99,1.0,4474500.0
2020-09-04,1.01,1.04,0.95,0.99,2829500.0
2020-09-07,1.0,1.02,0.98,0.99,1832500.0
2020-09-08,0.99,1.08,0.98,1.01,4164500.0
2020-09-09,1.07,1.08,1.01,1.05,2423000.0
2020-09-10,1.08,1.17,1.05,1.13,6231500.0
2020-09-11,1.17,1.19,1.12,1.15,3598000.0
2020-09-14,1.14,1.29,1.14,1.25,8562500.0
2020-09-15,1.2,1.29,1.19,1.22,4612000.0
2020-09-16,1.22,1.22,1.16,1.17,3228000.0
2020-09-17,1.2,1.2,1.1,1.12,1014000.0
2020-09-18,1.12,1.19,1.07,1.1,1366000.0
2020-09-21,1.09,1.14,1.07,1.08,1543000.0
2020-09-22,1.06,1.07,0.98,1.0,19911000.0
2020-09-23,1.0,1.18,0.99,1.06,167490500.0
2020-09-24,1.08,1.14,1.06,1.08,10801000.0
2020-09-25,1.08,1.12,1.04,1.06,2425000.0
2020-09-28,1.08,1.09,1.0,1.01,5870000.0
2020-09-29,1.05,1.06,1.01,1.06,3484500.0
2020-09-30,1.07,1.17,1.02,1.12,13117000.0
2020-10-01,1.1,1.12,1.05,1.06,5707000.0
2020-10-02,1.07,1.07,1.0,1.01,2801500.0
2020-10-05,1.03,1.04,0.93,0.94,2861000.0
2020-10-06,0.98,0.99,0.92,0.96,3890500.0
2020-10-07,0.98,0.99,0.92,0.98,2141000.0
2020-10-08,1.0,1.0,0.94,0.96,1010000.0
2020-10-09,1.0,1.0,0.95,0.95,1067000.0
2020-10-12,0.95,0.98,0.92,0.93,2230500.0
2020-10-13,0.92,0.96,0.91,0.95,1401500.0
2020-10-14,0.97,0.97,0.92,0.94,1819000.0
2020-10-15,0.97,0.97,0.92,0.94,2276500.0
2020-10-16,0.98,0.99,0.93,0.96,1036500.0
2020-10-19,0.98,0.99,0.95,0.96,492000.0
2020-10-20,0.97,0.99,0.96,0.97,1404500.0
2020-10-21,0.98,1.04,0.97,1.02,2354000.0
2020-10-22,1.02,1.03,0.98,0.99,1441000.0
2020-10-23,0.99,1.03,0.96,1.01,1605500.0
2020-10-26,1.03,1.04,1.01,1.02,794500.0
2020-10-27,1.01,1.05,0.97,1.0,1442000.0
2020-10-28,1.02,1.03,0.96,0.96,1282000.0
2020-10-29,0.98,0.98,0.9,0.95,2389000.0
2020-11-02,0.97,0.98,0.88,0.9,964500.0
2020-11-03,0.93,0.97,0.93,0.96,521500.0
2020-11-04,0.97,0.97,0.92,0.94,1019000.0
2020-11-05,0.96,0.98,0.9,0.95,1878000.0
2020-11-06,0.94,0.98,0.94,0.95,1048000.0
2020-11-09,0.98,1.4,0.98,1.03,11119000.0
2020-11-10,1.05,1.05,1.0,1.02,3446500.0
2020-11-11,1.04,1.04,0.98,0.99,1261500.0
2020-11-12,1.01,1.01,0.95,0.96,1664000.0
2020-11-13,0.99,0.99,0.95,0.95,1029000.0
2020-11-16,0.98,0.98,0.94,0.95,583000.0
2020-11-17,0.98,0.99,0.95,0.95,213000.0
2020-11-18,0.95,0.98,0.94,0.95,961500.0
2020-11-19,0.94,0.95,0.92,0.94,899000.0
2020-11-20,0.97,0.98,0.91,0.92,1073000.0
2020-11-23,0.92,0.94,0.91,0.93,576000.0
2020-11-24,0.93,0.98,0.93,0.93,728500.0
2020-11-25,0.93,0.96,0.91,0.94,1317000.0
2020-11-26,0.94,0.95,0.92,0.93,1664500.0
2020-11-27,0.95,0.99,0.91,0.92,2554000.0
2020-11-30,0.94,0.95,0.91,0.93,716000.0
2020-12-01,0.97,0.97,0.93,0.94,1803500.0
2020-12-02,0.93,0.95,0.92,0.94,848000.0
2020-12-03,0.94,0.95,0.92,0.93,1136500.0
2020-12-04,0.94,0.95,0.92,0.93,1221000.0
2020-12-07,0.93,0.94,0.91,0.91,504000.0
2020-12-08,0.96,0.96,0.9,0.9,1743000.0
2020-12-09,0.92,0.93,0.9,0.91,1673000.0
2020-12-10,0.92,0.93,0.9,0.9,1278500.0
2020-12-11,0.93,0.93,0.9,0.91,664500.0
2020-12-14,0.93,0.96,0.9,0.93,435000.0
2020-12-15,0.93,0.93,0.91,0.92,1594500.0
2020-12-16,0.96,0.96,0.9,0.91,1450500.0
2020-12-17,0.92,0.92,0.9,0.92,3948500.0
2020-12-18,0.92,0.94,0.9,0.93,1171000.0
2020-12-21,0.95,0.99,0.93,0.96,4343000.0
2020-12-22,0.97,1.05,0.96,0.99,10081000.0
2020-12-23,1.0,1.02,0.95,0.98,5292500.0
2020-12-24,1.0,1.04,0.96,0.97,1672500.0
2020-12-28,1.0,1.02,0.97,0.99,2619500.0
2020-12-29,1.0,1.02,0.97,1.0,10874500.0
2020-12-30,1.03,1.04,1.0,1.02,6581500.0
2020-12-31,1.01,1.2,1.01,1.08,38504500.0
2021-01-01,1.16,1.16,1.06,1.07,16458500.0
2021-01-04,1.09,1.11,1.04,1.05,4262500.0
2021-01-05,1.05,1.11,1.04,1.06,5503500.0
2021-01-06,1.08,1.09,1.03,1.05,863000.0
2021-01-07,1.15,1.15,1.06,1.09,11678000.0
2021-01-08,1.08,1.13,1.08,1.09,10857000.0
2021-01-11,1.11,1.3,1.11,1.22,69918500.0
2021-01-12,1.27,1.32,1.18,1.24,25356000.0
2021-01-13,1.26,1.28,1.2,1.21,15933500.0
2021-01-14,1.2,1.25,1.19,1.21,10473000.0
2021-01-15,1.23,1.25,1.12,1.2,5515000.0
2021-01-18,1.16,1.24,1.16,1.21,2789000.0
2021-01-19,1.19,1.24,1.18,1.2,7590000.0
2021-01-20,1.22,1.33,1.22,1.29,42706000.0
2021-01-21,1.3,1.32,1.18,1.2,16364500.0
2021-01-22,1.2,1.26,1.15,1.22,14639500.0
2021-01-25,1.21,1.25,1.2,1.23,3414000.0
2021-01-26,1.23,1.25,1.2,1.21,5848500.0
2021-01-27,1.24,1.38,1.19,1.31,23162000.0
2021-01-28,1.34,1.73,1.27,1.54,354969000.0
2021-01-29,1.65,1.68,1.54,1.63,80667500.0
2021-02-01,1.65,1.67,1.55,1.59,26502500.0
2021-02-02,1.57,1.6,1.53,1.54,12294500.0
2021-02-03,1.54,1.61,1.53,1.58,14339500.0
2021-02-04,1.57,1.63,1.55,1.57,9234000.0
2021-02-08,1.58,1.59,1.49,1.52,8766500.0
2021-02-09,1.51,1.55,1.42,1.47,17334000.0
2021-02-10,1.47,1.65,1.43,1.54,21041500.0
2021-02-11,1.56,1.68,1.53,1.58,29444500.0
2021-02-12,1.64,1.65,1.52,1.55,8265000.0
2021-02-15,1.58,1.6,1.53,1.56,5380500.0
2021-02-16,1.58,1.65,1.57,1.6,11819500.0
2021-02-17,1.6,1.6,1.56,1.59,7321500.0
2021-02-18,1.6,1.6,1.54,1.56,5975500.0
2021-02-19,1.58,1.59,1.49,1.5,16334500.0
2021-02-22,1.55,1.55,1.4,1.42,16579500.0
2021-02-23,1.48,1.48,1.39,1.44,11483000.0
2021-02-24,1.47,1.48,1.37,1.4,5582500.0
2021-02-25,1.44,1.46,1.42,1.44,3008500.0
2021-02-26,1.46,1.46,1.38,1.4,2818000.0
2021-03-01,1.4,1.45,1.38,1.4,2196000.0
2021-03-02,1.43,1.43,1.36,1.41,2705000.0
2021-03-03,1.49,1.49,1.38,1.41,5557000.0
2021-03-04,1.38,1.39,1.31,1.34,7067500.0
2021-03-05,1.4,1.4,1.33,1.35,4101500.0
2021-03-08,1.4,1.41,1.27,1.32,2931500.0
2021-03-09,1.3,1.33,1.2,1.22,6327500.0
2021-03-10,1.28,1.28,1.2,1.2,4734500.0
2021-03-11,1.2,1.22,1.15,1.18,3648000.0
2021-03-12,1.21,1.22,1.16,1.19,3770000.0
2021-03-15,1.23,1.26,1.17,1.19,5210000.0
2021-03-16,1.23,1.25,1.17,1.19,4993000.0
2021-03-17,1.24,1.24,1.2,1.22,3928000.0
2021-03-18,1.2,1.22,1.18,1.18,4698500.0
2021-03-19,1.22,1.22,1.18,1.19,1690500.0
2021-03-22,1.19,1.22,1.18,1.19,2027500.0
2021-03-24,1.21,1.24,1.2,1.21,3812000.0
2021-03-25,1.24,1.24,1.18,1.19,2382500.0
2021-03-26,1.2,1.28,1.19,1.21,3783000.0
2021-03-29,1.25,1.25,1.06,1.1,7028500.0
2021-03-30,1.1,1.17,1.1,1.13,4009000.0
2021-03-31,1.18,1.18,1.12,1.13,5188000.0
2021-04-01,1.2,1.23,1.14,1.15,2567500.0
2021-04-02,1.14,1.17,1.09,1.15,4797000.0
2021-04-05,1.25,1.39,1.25,1.26,20019500.0
2021-04-06,1.27,1.31,1.21,1.26,3370000.0
2021-04-07,1.26,1.3,1.25,1.26,3056000.0
2021-04-08,1.35,1.36,1.18,1.26,12609500.0
2021-04-09,1.28,1.3,1.15,1.17,10515000.0
2021-04-12,1.25,1.25,1.18,1.24,7295000.0
2021-04-13,1.19,1.25,1.19,1.23,4911000.0
2021-04-14,1.24,1.28,1.23,1.24,1698500.0
2021-04-15,1.24,1.28,1.19,1.24,4739500.0
2021-04-16,1.2,1.28,1.19,1.27,1882000.0
2021-04-19,1.28,1.4,1.2,1.38,12369000.0
2021-04-20,1.44,1.47,1.4,1.46,12201000.0
2021-04-21,1.45,1.46,1.36,1.44,7770500.0
2021-04-22,1.44,1.44,1.36,1.37,3804500.0
2021-04-23,1.36,1.39,1.27,1.33,3372000.0
2021-04-26,1.33,1.4,1.2,1.39,16096500.0
2021-04-27,1.35,1.4,1.35,1.39,2168000.0
2021-04-28,1.39,1.39,1.3,1.33,3437000.0
2021-04-29,1.36,1.36,1.31,1.34,3290500.0
2021-04-30,1.36,1.36,1.29,1.3,1533500.0
2021-05-03,1.26,1.34,1.25,1.32,2998000.0
2021-05-04,1.37,1.38,1.32,1.36,2558500.0
2021-05-05,1.39,1.41,1.33,1.39,4094000.0
2021-05-06,1.39,1.41,1.32,1.33,1756500.0
2021-05-17,1.4,1.4,1.35,1.36,1864500.0
2021-05-18,1.37,1.38,1.34,1.36,1104000.0
2021-05-19,1.31,1.35,1.27,1.31,2189500.0
2021-05-20,1.35,1.35,1.26,1.3,4115000.0
2021-05-21,1.32,1.42,1.31,1.39,10750500.0
2021-05-24,1.42,1.5,1.38,1.45,36611500.0
2021-05-25,1.48,1.48,1.41,1.45,8243500.0
2021-05-26,1.47,1.47,1.42,1.45,16488000.0
2021-05-27,1.5,1.69,1.46,1.52,126514500.0
2021-05-28,1.54,1.67,1.54,1.58,56306000.0
2021-05-31,1.62,1.7,1.6,1.64,71595000.0
2021-06-01,1.68,1.78,1.64,1.7,86096000.0
2021-06-02,1.73,1.73,1.64,1.65,20171500.0
2021-06-03,1.66,1.71,1.62,1.69,23784500.0
2021-06-04,1.66,1.7,1.65,1.67,14369500.0
2021-06-07,1.69,1.72,1.63,1.65,11101500.0
2021-06-08,1.68,1.68,1.56,1.59,16728500.0
2021-06-09,1.61,1.64,1.53,1.55,16485500.0
2021-06-10,1.56,1.62,1.52,1.56,7025000.0
2021-06-11,1.57,1.64,1.57,1.59,10722000.0
2021-06-14,1.7,1.72,1.58,1.6,11154000.0
2021-06-15,1.6,1.62,1.55,1.6,7485000.0
2021-06-16,1.58,1.63,1.56,1.57,9725500.0
2021-06-17,1.61,1.96,1.59,1.8,188568500.0
2021-06-18,1.9,1.92,1.71,1.83,44191000.0
2021-06-21,1.9,2.24,1.86,2.14,235101000.0
2021-06-22,2.21,2.25,2.03,2.08,75449500.0
2021-06-23,2.1,2.11,1.91,1.92,52282500.0
2021-06-24,1.94,1.95,1.77,1.79,33773500.0
2021-06-25,1.77,1.94,1.72,1.91,19125500.0
2021-06-28,1.88,1.99,1.86,1.89,22096000.0
2021-06-29,1.94,2.1,1.92,2.06,69193500.0
2021-06-30,2.07,2.15,1.97,2.01,44203000.0
2021-07-01,2.01,2.12,1.97,2.0,51438000.0
2021-07-02,2.04,2.04,1.93,1.95,19519000.0
2021-07-05,1.95,1.95,1.85,1.88,14504500.0
2021-07-06,1.91,1.95,1.88,1.92,17719000.0
2021-07-07,1.89,1.96,1.88,1.91,9964000.0
2021-07-08,1.95,2.0,1.92,1.95,14732500.0
2021-07-09,1.88,1.94,1.87,1.89,13037500.0
2021-07-12,1.9,1.93,1.84,1.87,15440000.0
2021-07-13,1.87,1.87,1.8,1.81,11365500.0
2021-07-14,1.82,1.83,1.75,1.77,9171500.0
2021-07-15,1.76,1.78,1.71,1.76,10638000.0
2021-07-16,1.75,1.84,1.75,1.81,3933500.0
2021-07-19,1.77,1.84,1.77,1.82,3280000.0
2021-07-23,1.8,1.85,1.8,1.82,3648500.0
2021-07-26,1.84,1.85,1.8,1.82,7108000.0
2021-07-27,1.81,1.87,1.8,1.84,9541000.0
2021-07-28,1.85,1.86,1.8,1.82,10234500.0
2021-07-29,1.8,1.8,1.7,1.71,9453500.0
2021-07-30,1.74,1.85,1.72,1.76,10097000.0
2021-08-02,1.75,1.82,1.73,1.75,5962000.0
2021-08-03,1.8,1.81,1.74,1.8,8019000.0
2021-08-04,1.82,1.91,1.75,1.84,11488500.0
2021-08-05,1.86,1.87,1.76,1.78,9505000.0
2021-08-06,1.75,1.79,1.72,1.73,5604000.0
2021-08-09,1.77,1.77,1.7,1.7,8837500.0
2021-08-10,1.74,1.74,1.64,1.7,3703500.0
2021-08-11,1.7,1.72,1.67,1.69,3086500.0
2021-08-12,1.69,1.69,1.65,1.68,3917500.0
2021-08-13,1.67,1.86,1.66,1.77,7674000.0
2021-08-16,1.74,1.82,1.72,1.77,6317000.0
2021-08-17,1.81,1.81,1.75,1.79,3912000.0
2021-08-20,1.8,1.86,1.78,1.82,9176000.0
2021-08-23,1.82,1.84,1.8,1.81,3782000.0
2021-08-24,1.81,1.82,1.75,1.76,4226000.0
2021-08-25,1.8,1.8,1.74,1.75,4720500.0
2021-08-26,1.77,1.77,1.71,1.72,4393000.0
2021-08-27,1.75,1.75,1.68,1.7,3546500.0
2021-08-30,1.73,1.75,1.64,1.68,6801500.0
2021-08-31,1.68,1.72,1.66,1.68,2193500.0
2021-09-01,1.63,1.73,1.63,1.68,1710000.0
2021-09-02,1.7,1.86,1.66,1.77,16273500.0
2021-09-03,1.71,1.79,1.7,1.73,2517500.0
2021-09-06,1.7,1.74,1.67,1.68,3784500.0
2021-09-07,1.67,1.69,1.64,1.65,3195000.0
2021-09-08,1.66,1.7,1.6,1.65,3631500.0
2021-09-09,1.69,1.72,1.64,1.65,1957000.0
2021-09-10,1.65,1.7,1.64,1.66,1728500.0
2021-09-13,1.72,1.72,1.62,1.63,2247500.0
2021-09-14,1.62,1.66,1.57,1.59,6620500.0
2021-09-15,1.63,1.64,1.51,1.53,5945000.0
2021-09-16,1.54,1.69,1.51,1.62,3889000.0
2021-09-17,1.64,1.76,1.64,1.66,10042000.0
2021-09-20,1.65,1.72,1.62,1.68,2370500.0
2021-09-21,1.72,1.72,1.6,1.62,4540500.0
2021-09-22,1.6,1.62,1.41,1.48,14158000.0
2021-09-23,1.55,1.56,1.48,1.5,8088000.0
2021-09-24,1.54,1.55,1.42,1.48,5492500.0
2021-09-27,1.5,1.52,1.41,1.48,3663000.0
2021-09-28,1.5,1.52,1.45,1.51,3524000.0
2021-09-29,1.54,1.54,1.44,1.49,4969000.0
2021-09-30,1.51,1.51,1.45,1.5,1924500.0
2021-10-01,1.5,1.57,1.46,1.54,2365000.0
2021-10-04,1.5,1.53,1.43,1.52,3445500.0
2021-10-05,1.54,1.55,1.49,1.5,2924000.0
2021-10-06,1.51,1.52,1.47,1.49,7847500.0
2021-10-07,1.5,1.56,1.5,1.52,3682500.0
2021-10-08,1.54,1.62,1.52,1.56,9331500.0
2021-10-11,1.6,1.6,1.47,1.48,4138500.0
2021-10-12,1.53,1.53,1.39,1.45,7143000.0
2021-10-13,1.5,1.5,1.36,1.39,4640000.0
2021-10-14,1.4,1.48,1.34,1.43,10045500.0
2021-10-15,1.41,1.5,1.41,1.46,2647500.0
2021-10-18,1.43,1.46,1.42,1.42,1742500.0
2021-10-20,1.45,1.5,1.44,1.49,1533000.0
2021-10-21,1.49,1.58,1.45,1.51,7395500.0
2021-10-22,1.52,1.52,1.46,1.46,1247500.0
2021-10-25,1.55,1.56,1.38,1.45,638000.0
2021-10-26,1.47,1.47,1.4,1.42,1878500.0
2021-10-27,1.42,1.48,1.36,1.41,761000.0
2021-10-28,1.45,1.45,1.37,1.42,1305000.0
2021-10-29,1.37,1.49,1.37,1.4,627500.0
2021-11-01,1.41,1.49,1.41,1.45,2501000.0
2021-11-02,1.45,1.47,1.4,1.43,1188500.0
2021-11-03,1.43,1.45,1.4,1.42,2757000.0
2021-11-04,1.44,1.47,1.42,1.45,2188000.0
2021-11-05,1.5,1.53,1.44,1.47,4745000.0
2021-11-08,1.5,1.5,1.43,1.45,2626000.0
2021-11-09,1.45,1.47,1.37,1.4,1808500.0
2021-11-10,1.44,1.44,1.4,1.41,1523500.0
2021-11-11,1.46,1.46,1.38,1.4,2029500.0
2021-11-12,1.42,1.44,1.35,1.37,984000.0
2021-11-15,1.36,1.4,1.34,1.37,1469500.0
2021-11-16,1.4,1.4,1.34,1.36,1629000.0
2021-11-17,1.37,1.43,1.34,1.4,5381000.0
2021-11-18,1.43,1.44,1.37,1.39,1164000.0
2021-11-19,1.38,1.42,1.38,1.38,1195000.0
2021-11-22,1.38,1.45,1.35,1.36,1703500.0
2021-11-23,1.38,1.42,1.34,1.35,2296500.0
2021-11-24,1.38,1.4,1.3,1.3,3636500.0
2021-11-25,1.32,1.38,1.29,1.35,2890500.0
2021-11-26,1.36,1.39,1.3,1.32,1988500.0
2021-11-29,1.32,1.36,1.3,1.33,1590500.0
2021-11-30,1.33,1.35,1.31,1.32,1458500.0
2021-12-01,1.35,1.35,1.3,1.31,1165000.0
2021-12-02,1.31,1.31,1.19,1.21,5161500.0
2021-12-03,1.23,1.23,1.15,1.18,6889000.0
2021-12-06,1.22,1.22,1.14,1.17,1560500.0
2021-12-07,1.19,1.22,1.17,1.2,3416500.0
2021-12-08,1.23,1.23,1.17,1.19,1802000.0
2021-12-09,1.19,1.21,1.16,1.19,3247500.0
2021-12-10,1.21,1.21,1.16,1.18,1680500.0
2021-12-13,1.19,1.19,1.07,1.1,3160000.0
2021-12-14,1.11,1.12,1.06,1.11,2998500.0
2021-12-15,1.14,1.18,1.12,1.17,1829000.0
2021-12-16,1.18,1.19,1.11,1.16,1928000.0
2021-12-17,1.13,1.17,1.1,1.15,855000.0
2021-12-20,1.18,1.42,1.16,1.36,12628000.0
2021-12-21,1.44,1.47,1.36,1.39,4262500.0
2021-12-22,1.4,1.4,1.32,1.34,1894000.0
2021-12-23,1.33,1.4,1.32,1.34,2497000.0
2021-12-24,1.33,1.36,1.3,1.32,915000.0
2021-12-27,1.31,1.35,1.3,1.31,1458000.0
2021-12-28,1.31,1.34,1.31,1.33,1142500.0
2021-12-29,1.34,1.35,1.27,1.29,2040500.0
2021-12-30,1.35,1.39,1.31,1.36,2700500.0
2021-12-31,1.38,1.52,1.32,1.45,11844500.0
2022-01-03,1.41,1.44,1.4,1.41,2423000.0
2022-01-04,1.43,1.43,1.36,1.37,4410500.0
2022-01-05,1.43,1.45,1.37,1.38,2752500.0
2022-01-06,1.39,1.41,1.35,1.37,1332500.0
2022-01-07,1.37,1.57,1.25,1.49,12289000.0
2022-01-10,1.55,1.61,1.48,1.57,5624000.0
2022-01-11,1.56,1.62,1.5,1.55,4126000.0
2022-01-12,1.55,1.6,1.53,1.55,5239500.0
2022-01-13,1.6,1.6,1.53,1.57,6277500.0
2022-01-14,1.57,1.6,1.52,1.53,2431500.0
2022-01-17,1.58,1.58,1.41,1.42,2777000.0
2022-01-18,1.47,1.47,1.4,1.41,1425000.0
2022-01-19,1.44,1.45,1.32,1.32,3079000.0
2022-01-20,1.33,1.39,1.3,1.38,4277000.0
2022-01-21,1.38,1.38,1.31,1.32,3143000.0
2022-01-24,1.31,1.34,1.25,1.3,1569000.0
2022-01-25,1.34,1.35,1.27,1.29,3079500.0
2022-01-26,1.28,1.34,1.26,1.28,1096500.0
2022-01-27,1.28,1.34,1.26,1.27,1631500.0
2022-01-28,1.28,1.35,1.27,1.31,1083000.0
2022-01-31,1.35,1.39,1.24,1.38,3265000.0
2022-02-01,1.41,1.46,1.35,1.4,2442500.0
2022-02-02,1.43,1.47,1.35,1.38,3906500.0
2022-02-03,1.43,1.43,1.35,1.36,1543000.0
2022-02-04,1.37,1.4,1.36,1.4,996000.0
2022-02-07,1.42,1.44,1.36,1.36,1133500.0
2022-02-08,1.39,1.39,1.34,1.35,432000.0
2022-02-09,1.37,1.41,1.32,1.39,769500.0
2022-02-10,1.4,1.42,1.34,1.36,2025500.0
2022-02-11,1.32,1.4,1.32,1.35,2244000.0
2022-02-14,1.33,1.37,1.31,1.31,3038000.0
2022-02-15,1.32,1.35,1.28,1.33,2817500.0
2022-02-16,1.35,1.36,1.3,1.32,834000.0
2022-02-17,1.3,1.34,1.28,1.28,1174500.0
2022-02-18,1.3,1.3,1.26,1.26,1571000.0
2022-02-21,1.28,1.29,1.25,1.28,999500.0
2022-02-22,1.26,1.3,1.24,1.27,4233500.0
2022-02-23,1.29,1.29,1.26,1.28,1381000.0
2022-02-24,1.25,1.28,1.15,1.18,3207000.0
2022-02-25,1.16,1.25,1.15,1.17,2395500.0
2022-02-28,1.23,1.23,1.17,1.21,892500.0
2022-03-01,1.25,1.29,1.2,1.25,737500.0
2022-03-02,1.26,1.28,1.2,1.26,1155000.0
2022-03-03,1.27,1.28,1.22,1.25,791000.0
2022-03-04,1.4,1.4,1.22,1.24,381000.0
2022-03-07,1.22,1.22,1.13,1.16,2659000.0
2022-03-08,1.19,1.2,1.13,1.14,2411000.0
2022-03-09,1.19,1.19,1.11,1.14,3078000.0
2022-03-10,1.16,1.19,1.12,1.16,1974500.0
2022-03-11,1.16,1.2,1.14,1.15,314000.0
2022-03-14,1.22,1.22,1.1,1.12,2327000.0
2022-03-15,1.15,1.15,1.09,1.13,2051500.0
2022-03-16,1.15,1.15,1.04,1.06,8278000.0
2022-03-17,1.14,1.14,1.07,1.1,1548000.0
2022-03-18,1.08,1.1,1.05,1.06,1783500.0
2022-03-21,1.07,1.11,1.05,1.1,2438000.0
2022-03-22,1.12,1.17,1.11,1.14,2970000.0
2022-03-24,1.1,1.16,1.1,1.13,977000.0
2022-03-25,1.1,1.18,1.1,1.14,967500.0
2022-03-28,1.08,1.17,1.08,1.15,464000.0
2022-03-29,1.18,1.18,1.13,1.17,1150000.0
2022-03-30,1.12,1.15,1.09,1.11,2661500.0
2022-03-31,1.09,1.16,1.09,1.14,753000.0
2022-04-01,1.11,1.14,1.1,1.14,991000.0
2022-04-04,1.13,1.13,1.08,1.1,1331500.0
2022-04-05,1.1,1.12,1.09,1.09,1011500.0
2022-04-06,1.1,1.13,1.1,1.12,305500.0
2022-04-07,1.12,1.13,1.09,1.09,435000.0
2022-04-08,1.15,1.19,1.12,1.13,959000.0
2022-04-11,1.18,1.33,1.16,1.28,7828500.0
2022-04-12,1.28,1.28,1.18,1.26,2674000.0
2022-04-13,1.29,1.29,1.18,1.19,3552500.0
2022-04-14,1.16,1.21,1.16,1.2,981000.0
2022-04-15,1.19,1.19,1.13,1.15,2370500.0
2022-04-18,1.19,1.19,1.12,1.14,926000.0
2022-04-19,1.18,1.18,1.14,1.15,694000.0
2022-04-20,1.15,1.16,1.13,1.14,284500.0
2022-04-21,1.12,1.15,1.12,1.14,538500.0
2022-04-22,1.11,1.17,1.11,1.14,592000.0
2022-04-25,1.14,1.16,1.1,1.12,2741500.0
2022-04-26,1.13,1.15,1.08,1.1,2251500.0
2022-04-27,1.13,1.13,1.09,1.1,1881500.0
2022-04-28,1.1,1.15,1.05,1.08,2056000.0
2022-05-06,1.08,1.1,1.04,1.05,2293500.0
2022-05-09,1.06,1.06,1.0,1.05,5522500.0
2022-05-10,1.02,1.08,1.01,1.05,462500.0
2022-05-11,1.03,1.06,1.01,1.02,3440000.0
2022-05-12,1.01,1.05,1.0,1.02,2642500.0
2022-05-13,1.02,1.08,1.02,1.06,180000.0
2022-05-16,1.06,1.06,1.0,1.01,2407000.0
2022-05-17,1.03,1.05,1.02,1.02,767500.0
2022-05-18,1.03,1.1,1.03,1.08,1024500.0
2022-05-19,1.1,1.26,1.1,1.22,13098500.0
2022-05-20,1.25,1.35,1.15,1.28,17006500.0
2022-05-23,1.34,1.34,1.23,1.32,9979000.0
2022-05-24,1.31,1.4,1.29,1.39,14667500.0
2022-05-25,1.39,1.4,1.31,1.37,6492000.0
2022-05-26,1.37,1.44,1.35,1.43,13074500.0
2022-05-27,1.43,1.46,1.27,1.3,11084000.0
2022-05-30,1.29,1.35,1.25,1.28,3056000.0
2022-05-31,1.32,1.63,1.32,1.5,71621000.0
2022-06-01,1.57,1.6,1.46,1.49,24628500.0
2022-06-02,1.5,1.5,1.42,1.44,9080500.0
2022-06-03,1.43,1.43,1.35,1.4,7799000.0
2022-06-06,1.4,1.4,1.34,1.37,4717000.0
2022-06-07,1.41,1.41,1.31,1.33,3093500.0
2022-06-08,1.32,1.37,1.29,1.31,3945000.0
2022-06-09,1.35,1.35,1.26,1.27,6160500.0
2022-06-10,1.26,1.34,1.26,1.29,1766000.0
2022-06-13,1.3,1.3,1.21,1.22,4043000.0
2022-06-14,1.24,1.24,1.19,1.21,4006000.0
2022-06-15,1.23,1.24,1.21,1.21,2395000.0
2022-06-16,1.2,1.24,1.19,1.2,2033000.0
2022-06-17,1.24,1.25,1.18,1.22,4550000.0
2022-06-20,1.23,1.25,1.2,1.21,1492500.0
2022-06-21,1.26,1.26,1.2,1.22,3756000.0
2022-06-22,1.23,1.26,1.21,1.22,2327500.0
2022-06-23,1.25,1.29,1.22,1.24,3146500.0
2022-06-24,1.24,1.25,1.15,1.17,5521500.0
2022-06-27,1.2,1.24,1.18,1.2,1599000.0
2022-06-28,1.2,1.21,1.16,1.17,3523500.0
2022-06-29,1.19,1.21,1.13,1.16,2159000.0
2022-06-30,1.19,1.22,1.16,1.18,2475000.0
2022-07-01,1.21,1.22,1.17,1.19,1437000.0
2022-07-04,1.21,1.21,1.15,1.17,870500.0
2022-07-05,1.18,1.23,1.17,1.21,1948000.0
2022-07-06,1.21,1.26,1.19,1.25,1678000.0
2022-07-07,1.33,1.33,1.24,1.25,1499000.0
2022-07-13,1.29,1.29,1.24,1.27,1925500.0
2022-07-14,1.28,1.29,1.25,1.27,1150500.0
2022-07-15,1.27,1.27,1.22,1.23,557500.0
2022-07-18,1.21,1.22,1.15,1.16,2797500.0
2022-07-19,1.18,1.19,1.11,1.12,3704000.0
2022-07-20,1.15,1.15,1.11,1.13,2027000.0
2022-07-21,1.14,1.15,1.07,1.1,4771500.0
2022-07-22,1.09,1.16,1.09,1.15,1271000.0
2022-07-25,1.13,1.14,1.09,1.1,334500.0
2022-07-26,1.1,1.15,1.1,1.11,503000.0
2022-07-27,1.13,1.14,1.08,1.09,1266000.0
2022-07-28,1.12,1.12,1.09,1.1,1929500.0
2022-07-29,1.12,1.14,1.09,1.12,1730500.0
2022-08-01,1.12,1.12,1.09,1.09,457000.0
2022-08-02,1.07,1.15,1.05,1.13,1962500.0
2022-08-03,1.14,1.16,1.12,1.14,485000.0
2022-08-04,1.14,1.15,1.1,1.1,1554500.0
2022-08-05,1.11,1.22,1.1,1.15,3468000.0
2022-08-10,1.15,1.18,1.13,1.15,1721500.0
2022-08-11,1.18,1.18,1.12,1.12,1298000.0
2022-08-12,1.13,1.15,1.13,1.13,1817500.0
2022-08-15,1.15,1.25,1.14,1.23,4749500.0
2022-08-16,1.25,1.25,1.15,1.18,1720000.0
2022-08-17,1.16,1.21,1.16,1.2,888500.0
2022-08-18,1.23,1.45,1.22,1.28,14889000.0
2022-08-19,1.29,1.35,1.26,1.27,2094500.0
2022-08-22,1.27,1.3,1.22,1.23,1742500.0
2022-08-23,1.23,1.28,1.21,1.22,801000.0
2022-08-24,1.24,1.26,1.2,1.21,809000.0
2022-08-25,1.23,1.26,1.2,1.21,1723500.0
2022-08-26,1.21,1.24,1.19,1.2,799000.0
2022-08-29,1.18,1.2,1.16,1.17,1080000.0
2022-08-30,1.2,1.21,1.17,1.17,1449500.0
2022-08-31,1.17,1.18,1.14,1.15,1560000.0
2022-09-01,1.2,1.3,1.14,1.2,2831500.0
2022-09-02,1.24,1.37,1.23,1.25,8957000.0
2022-09-05,1.25,1.26,1.13,1.14,5072000.0
2022-09-06,1.15,1.16,1.11,1.14,5006000.0
2022-09-07,1.13,1.17,1.11,1.15,1354000.0
2022-09-08,1.16,1.17,1.13,1.14,769000.0
2022-09-09,1.14,1.15,1.12,1.14,1772500.0
2022-09-12,1.17,1.17,1.11,1.13,1131500.0
2022-09-13,1.15,1.15,1.12,1.14,356500.0
2022-09-14,1.15,1.15,1.12,1.14,538500.0
2022-09-15,1.13,1.15,1.1,1.11,1899500.0
2022-09-16,1.11,1.12,1.08,1.1,2477000.0
2022-09-19,1.14,1.14,1.09,1.09,350500.0
2022-09-20,1.12,1.12,1.08,1.09,1268000.0
2022-09-21,1.08,1.1,1.06,1.07,1953500.0
2022-09-22,1.09,1.09,1.0,1.06,11214000.0
2022-09-23,1.1,1.1,1.03,1.04,1424500.0
2022-09-26,1.08,1.09,1.05,1.07,840000.0
2022-09-27,1.08,1.1,1.07,1.07,1127500.0
2022-09-28,1.09,1.1,1.06,1.06,375000.0
2022-09-29,1.09,1.1,1.05,1.06,650000.0
2022-09-30,1.08,1.12,1.05,1.09,969500.0
2022-10-03,1.1,1.12,1.04,1.05,1329000.0
2022-10-04,1.06,1.12,1.06,1.09,4318500.0
2022-10-05,1.11,1.28,1.11,1.2,13294500.0
2022-10-06,1.23,1.24,1.15,1.16,3196500.0
2022-10-07,1.19,1.19,1.13,1.14,1877500.0
2022-10-10,1.14,1.18,1.13,1.17,1005500.0
2022-10-11,1.17,1.17,1.14,1.15,1705000.0
2022-10-12,1.17,1.17,1.13,1.16,982500.0
2022-10-13,1.14,1.16,1.12,1.13,1309000.0
2022-10-14,1.14,1.14,1.09,1.11,4471500.0
2022-10-17,1.14,1.14,1.09,1.1,664500.0
2022-10-18,1.1,1.13,1.09,1.1,779000.0
2022-10-19,1.13,1.13,1.07,1.11,3841000.0
2022-10-20,1.12,1.13,1.08,1.09,1887500.0
2022-10-21,1.09,1.11,1.05,1.09,2479500.0
2022-10-24,1.1,1.14,1.09,1.11,1199500.0
2022-10-25,1.12,1.12,1.07,1.08,1166500.0
2022-10-26,1.09,1.09,1.05,1.07,2966000.0
2022-10-27,1.07,1.18,1.05,1.09,1427500.0
2022-10-28,1.08,1.08,1.03,1.04,2350000.0
2022-10-31,1.04,1.09,1.0,1.03,5894500.0
2022-11-01,1.09,1.09,1.03,1.05,1333500.0
2022-11-02,1.08,1.08,1.05,1.06,1838000.0
2022-11-03,1.05,1.12,1.05,1.07,4771000.0
2022-11-04,1.1,1.1,1.05,1.06,1762000.0
2022-11-07,1.1,1.1,1.05,1.06,471000.0
2022-11-08,1.07,1.09,1.06,1.06,909000.0
2022-11-10,1.1,1.1,1.06,1.08,932500.0
2022-11-11,1.12,1.14,1.08,1.11,1668500.0
2022-11-14,1.14,1.14,1.06,1.07,508000.0
2022-11-15,1.08,1.11,1.06,1.08,1162500.0
2022-11-16,1.09,1.1,1.08,1.08,348500.0
2022-11-17,1.11,1.11,1.06,1.07,630000.0
2022-11-18,1.07,1.08,1.0,1.05,3207500.0
2022-11-21,1.05,1.06,1.03,1.04,2291000.0
2022-11-22,1.08,1.08,1.03,1.04,1949500.0
2022-11-23,1.08,1.1,1.05,1.08,2680000.0
2022-11-24,1.08,1.1,1.07,1.09,1362500.0
2022-11-25,1.15,1.15,1.09,1.1,1559500.0
2022-11-28,1.07,1.12,1.06,1.09,1367500.0
2022-11-29,1.12,1.13,1.06,1.09,1801000.0
2022-11-30,1.1,1.1,1.05,1.05,1270000.0
2022-12-01,1.08,1.09,1.06,1.08,890000.0
2022-12-02,1.13,1.13,1.05,1.08,1044000.0
2022-12-05,1.09,1.09,1.03,1.04,821500.0
2022-12-06,1.08,1.08,1.03,1.05,751000.0
2022-12-07,1.06,1.17,1.05,1.13,3206500.0
2022-12-08,1.14,1.15,1.09,1.09,1648500.0
2022-12-09,1.1,1.1,1.04,1.07,1375000.0
2022-12-12,1.06,1.09,1.03,1.04,1340500.0
2022-12-13,1.07,1.12,1.07,1.07,1558500.0
2022-12-14,1.11,1.11,1.05,1.06,598500.0
2022-12-15,1.1,1.1,1.03,1.06,2387500.0
2022-12-16,1.05,1.09,1.05,1.06,1193000.0
2022-12-19,1.06,1.06,1.02,1.04,1165500.0
2022-12-20,1.03,1.04,0.96,0.98,6902500.0
2022-12-21,1.0,1.02,0.96,0.96,1935000.0
2022-12-22,0.94,1.0,0.94,0.99,480500.0
2022-12-23,0.97,0.99,0.95,0.98,1947000.0
2022-12-26,1.0,1.02,0.96,0.98,1513500.0
2022-12-27,1.04,1.04,0.96,0.96,1459000.0
2022-12-28,0.99,0.99,0.93,0.94,1661500.0
2022-12-29,0.97,0.98,0.94,0.96,745500.0
2022-12-30,0.97,1.0,0.96,0.97,703500.0
2023-01-02,0.98,1.0,0.96,0.98,1235000.0
2023-01-03,0.98,1.0,0.95,0.95,650000.0
2023-01-04,0.98,0.98,0.94,0.94,686000.0
2023-01-05,0.95,0.97,0.94,0.94,369000.0
2023-01-06,0.96,0.97,0.91,0.93,1524000.0
2023-01-09,0.94,1.01,0.94,0.96,2209500.0
2023-01-10,0.98,1.0,0.94,0.95,1551000.0
2023-01-11,0.99,0.99,0.93,0.95,1638500.0
2023-01-12,0.98,0.98,0.93,0.96,959000.0
2023-01-13,0.95,0.96,0.92,0.93,1600500.0
2023-01-16,0.97,0.97,0.91,0.92,735000.0
2023-01-17,0.95,0.95,0.91,0.92,1264500.0
2023-01-18,0.93,0.93,0.9,0.92,1323500.0
2023-01-19,0.93,0.93,0.89,0.9,1243500.0
2023-01-20,0.9,0.93,0.89,0.92,711000.0
2023-01-23,0.93,0.93,0.88,0.89,335000.0
2023-01-24,0.93,0.97,0.9,0.92,880000.0
2023-01-25,0.91,0.95,0.91,0.92,992000.0
2023-01-26,0.92,0.95,0.89,0.9,1615500.0
2023-01-27,0.92,0.92,0.86,0.88,785500.0
2023-01-30,0.9,0.9,0.85,0.88,825000.0
2023-01-31,0.89,0.9,0.87,0.88,530000.0
2023-02-01,0.9,0.94,0.88,0.9,603500.0
2023-02-02,0.9,0.91,0.88,0.89,172000.0
2023-02-03,0.9,0.94,0.87,0.92,742500.0
2023-02-06,0.94,0.94,0.82,0.89,685000.0
2023-02-07,0.94,0.95,0.85,0.88,3293000.0
2023-02-08,0.9,0.93,0.88,0.9,1207000.0
2023-02-09,0.93,0.96,0.91,0.95,2113500.0
2023-02-10,0.94,0.94,0.89,0.92,2268500.0
2023-02-13,0.9,0.92,0.89,0.9,902500.0
2023-02-14,0.9,0.92,0.88,0.88,635500.0
2023-02-15,0.88,0.91,0.88,0.9,483500.0
2023-02-16,0.89,0.9,0.87,0.88,291500.0
2023-02-17,0.88,0.89,0.85,0.87,549000.0
2023-02-20,0.86,0.87,0.8,0.8,2475000.0
2023-02-21,0.8,0.86,0.8,0.85,530500.0
2023-02-22,0.86,0.94,0.85,0.87,2421500.0
2023-02-23,0.89,0.9,0.86,0.87,370000.0
2023-02-24,0.88,0.89,0.86,0.86,573500.0
2023-02-27,0.88,0.9,0.86,0.9,945000.0
2023-02-28,0.91,0.91,0.88,0.89,1709000.0
2023-03-01,0.88,0.9,0.81,0.87,775500.0
2023-03-02,0.89,0.92,0.88,0.89,465000.0
2023-03-03,0.9,0.96,0.9,0.94,1363000.0
2023-03-06,0.94,0.97,0.89,0.9,4853000.0
2023-03-07,0.91,0.92,0.89,0.89,494000.0
2023-03-08,0.9,0.99,0.9,0.98,3773000.0
2023-03-09,1.0,1.1,1.0,1.09,11210000.0
2023-03-10,1.09,1.11,0.97,0.99,5715000.0
2023-03-13,0.98,1.0,0.95,0.96,3696000.0
2023-03-14,0.97,0.97,0.92,0.93,1694500.0
2023-03-15,0.93,0.94,0.89,0.91,1625000.0
2023-03-16,0.92,0.96,0.89,0.9,3531000.0
2023-03-17,0.92,0.92,0.88,0.89,1988500.0
2023-03-20,0.91,0.92,0.85,0.86,4090000.0
2023-03-21,0.89,0.9,0.87,0.88,1113000.0
2023-03-22,0.9,0.9,0.87,0.87,374000.0
2023-03-24,0.95,0.95,0.85,0.87,627000.0
2023-03-27,0.9,0.9,0.85,0.88,679000.0
2023-03-28,0.89,0.89,0.84,0.85,715000.0
2023-03-29,0.87,0.88,0.85,0.86,664000.0
2023-03-30,0.86,0.88,0.82,0.86,1039000.0
2023-03-31,0.86,0.88,0.86,0.88,439500.0
2023-04-03,0.9,0.93,0.9,0.91,1043000.0
2023-04-04,0.91,0.95,0.91,0.93,807500.0
2023-04-05,0.95,1.06,0.95,1.03,11002000.0
2023-04-06,1.14,1.19,1.08,1.11,21288500.0
2023-04-07,1.17,1.17,1.01,1.03,10156000.0
2023-04-10,1.04,1.04,0.96,1.0,2366500.0
2023-04-11,1.01,1.01,0.96,0.98,921500.0
2023-04-12,0.99,1.07,0.96,1.05,2774500.0
2023-04-13,1.09,1.12,1.05,1.07,3865000.0
2023-04-17,1.07,1.1,0.99,1.0,2008500.0
2023-04-18,1.0,1.0,0.98,1.0,1006000.0
2023-04-19,1.07,1.13,1.06,1.1,6401500.0
2023-04-20,1.13,1.14,1.03,1.04,5102500.0
2023-04-26,1.05,1.07,1.0,1.01,2379500.0
2023-04-27,1.05,1.05,1.0,1.01,1216000.0
2023-04-28,1.05,1.27,1.03,1.12,21774500.0
2023-05-02,1.18,1.23,1.18,1.21,15573000.0
2023-05-03,1.25,1.26,1.2,1.22,5467000.0
2023-05-04,1.24,1.25,1.18,1.2,2772000.0
2023-05-05,1.19,1.19,1.12,1.14,2432000.0
2023-05-08,1.14,1.14,1.08,1.09,4367500.0
2023-05-09,1.09,1.1,1.01,1.02,4006000.0
2023-05-10,1.06,1.07,1.02,1.03,802000.0
2023-05-11,1.06,1.07,1.03,1.04,681000.0
2023-05-12,1.04,1.17,1.04,1.12,2089000.0
2023-05-15,1.1,1.18,1.1,1.14,2188500.0
2023-05-16,1.15,1.17,1.1,1.11,1330000.0
2023-05-17,1.14,1.15,1.09,1.11,1129000.0
2023-05-18,1.12,1.14,1.09,1.1,701500.0
2023-05-19,1.16,1.16,1.1,1.1,582000.0
2023-05-22,1.1,1.12,1.06,1.07,562500.0
2023-05-23,1.06,1.08,1.01,1.06,1565000.0
2023-05-24,1.08,1.1,1.05,1.08,1232500.0
2023-05-25,1.08,1.1,1.03,1.05,1309500.0
2023-05-26,1.06,1.07,1.03,1.03,1352500.0
